>> a = [15, 12, 11, 17; 3, 13, 4, 15; 11, 9, 6, 18; 18, 5, 18, 3]

a =

    15    12    11    17
     3    13     4    15
    11     9     6    18
    18     5    18     3

>> b = [5, 8, 11, 18; 5, 6, 17, 9; 0, 5, 7, 5; 7, 4, 9, 19]

b =

     5     8    11    18
     5     6    17     9
     0     5     7     5
     7     4     9    19

>> c = a*b

c =

   254   315   599   756
   185   182   417   476
   226   244   478   651
   136   276   436   516