>> d = [13, 5, 10; 18, 9, 5; 3, 17, 10]

d =

    13     5    10
    18     9     5
     3    17    10
	 
>> det(d)

ans =

        2030