>> a = [15, 12, 11, 17; 3, 13, 4, 15; 11, 9, 6, 18; 18, 5, 18, 3]

a =

    15    12    11    17
     3    13     4    15
    11     9     6    18
    18     5    18     3

>> b = [5, 8, 11, 18; 5, 6, 17, 9; 0, 5, 7, 5; 7, 4, 9, 19]

b =

     5     8    11    18
     5     6    17     9
     0     5     7     5
     7     4     9    19

>> c = a+b

c =

    20    20    22    35
     8    19    21    24
    11    14    13    23
    25     9    27    22
